N = [5   112
     5   134
     5   136
     19  134
     80  158
     146 172
     153 164];

S = [6  69
     6  81
     8  84
     20 102
     42 87
     42 111
     43 69
     69 115
     72 102
     83 88
     83 102
     87 92
     88 111];

U = [6   129
     6   187
     6   220
     15  62
     15  215
     15  220
     15  269
     22  276
     32  114
     42  281
     66  216
     114 15
     114 136
     114 216
     117 18
     129 55
     129 155
     129 157
     129 220
     136 270
     186 220
     187 216
     187 248
     195 281
     216 169
     216 220
     216 286
     216 287
     220 87
     220 103
     228 230
     230 176
     248 220
     266 220
     267 216
     281 284
     287 15];

Roy = [87 119
       79  87
       40  79
       20  44
       20  34
       3   25
       82  91
       18  45
       45  19
       45  4
       119 91
       79  118
       79  91
       20  45
       3   44];

AG1 = [14 119
       22  121
       25  121
       47  113
       47  116
       47  119
       47  121
       51  128];

AG2 = [15 85
       33  138
       38  57
       67  119
       67  124
       67  131
       85  124
       85  125
       85  131
       85  138
       102 181];